ns3::UniformPlanarArray
AntennaElement,ns3::IsotropicAntennaModel
AntennaVerticalSpacing,0.500
AntennaHorizontalSpacing,0.500
NumRows,4
NumColumns,6
23
24
(0.204124,0.000000);(0.204124,0.000000);(0.204124,0.000000);(0.204124,0.000000);(0.204124,0.000000);(0.204124,0.000000);(0.204124,0.000000);(0.204124,0.000000);(0.204124,0.000000);(0.204124,0.000000);(0.204124,0.000000);(0.204124,0.000000);(0.204124,0.000000);(0.204124,0.000000);(0.204124,0.000000);(0.204124,0.000000);(0.204124,0.000000);(0.204124,0.000000);(0.204124,0.000000);(0.204124,0.000000);(0.204124,0.000000);(0.204124,0.000000);(0.204124,0.000000);(0.204124,0.000000)
(-0.138663,0.149797);(0.036590,0.200818);(0.182586,0.091264);(0.182586,-0.091264);(0.036590,-0.200818);(-0.138663,-0.149797);(-0.138663,0.149797);(0.036590,0.200818);(0.182586,0.091264);(0.182586,-0.091264);(0.036590,-0.200818);(-0.138663,-0.149797);(-0.138663,0.149797);(0.036590,0.200818);(0.182586,0.091264);(0.182586,-0.091264);(0.036590,-0.200818);(-0.138663,-0.149797);(-0.138663,0.149797);(0.036590,0.200818);(0.182586,0.091264);(0.182586,-0.091264);(0.036590,-0.200818);(-0.138663,-0.149797)
(-0.028687,-0.202098);(-0.188109,0.079257);(0.124590,0.161691);(0.124590,-0.161691);(-0.188109,-0.079257);(-0.028687,0.202098);(-0.028687,-0.202098);(-0.188109,0.079257);(0.124590,0.161691);(0.124590,-0.161691);(-0.188109,-0.079257);(-0.028687,0.202098);(-0.028687,-0.202098);(-0.188109,0.079257);(0.124590,0.161691);(0.124590,-0.161691);(-0.188109,-0.079257);(-0.028687,0.202098);(-0.028687,-0.202098);(-0.188109,0.079257);(0.124590,0.161691);(0.124590,-0.161691);(-0.188109,-0.079257);(-0.028687,0.202098)
(0.182659,0.091117);(-0.125932,-0.160648);(0.044868,0.199132);(0.044868,-0.199132);(-0.125932,0.160648);(0.182659,-0.091117);(0.182659,0.091117);(-0.125932,-0.160648);(0.044868,0.199132);(0.044868,-0.199132);(-0.125932,0.160648);(0.182659,-0.091117);(0.182659,0.091117);(-0.125932,-0.160648);(0.044868,0.199132);(0.044868,-0.199132);(-0.125932,0.160648);(0.182659,-0.091117);(0.182659,0.091117);(-0.125932,-0.160648);(0.044868,0.199132);(0.044868,-0.199132);(-0.125932,0.160648);(0.182659,-0.091117)
(-0.138663,-0.149797);(0.036590,-0.200818);(0.182586,-0.091264);(0.182586,0.091264);(0.036590,0.200818);(-0.138663,0.149797);(-0.138663,-0.149797);(0.036590,-0.200818);(0.182586,-0.091264);(0.182586,0.091264);(0.036590,0.200818);(-0.138663,0.149797);(-0.138663,-0.149797);(0.036590,-0.200818);(0.182586,-0.091264);(0.182586,0.091264);(0.036590,0.200818);(-0.138663,0.149797);(-0.138663,-0.149797);(0.036590,-0.200818);(0.182586,-0.091264);(0.182586,0.091264);(0.036590,0.200818);(-0.138663,0.149797)
(-0.028687,0.202098);(-0.188109,-0.079257);(0.124590,-0.161691);(0.124590,0.161691);(-0.188109,0.079257);(-0.028687,-0.202098);(-0.028687,0.202098);(-0.188109,-0.079257);(0.124590,-0.161691);(0.124590,0.161691);(-0.188109,0.079257);(-0.028687,-0.202098);(-0.028687,0.202098);(-0.188109,-0.079257);(0.124590,-0.161691);(0.124590,0.161691);(-0.188109,0.079257);(-0.028687,-0.202098);(-0.028687,0.202098);(-0.188109,-0.079257);(0.124590,-0.161691);(0.124590,0.161691);(-0.188109,0.079257);(-0.028687,-0.202098)
(0.182659,-0.091117);(-0.125932,0.160648);(0.044868,-0.199132);(0.044868,0.199132);(-0.125932,-0.160648);(0.182659,0.091117);(0.182659,-0.091117);(-0.125932,0.160648);(0.044868,-0.199132);(0.044868,0.199132);(-0.125932,-0.160648);(0.182659,0.091117);(0.182659,-0.091117);(-0.125932,0.160648);(0.044868,-0.199132);(0.044868,0.199132);(-0.125932,-0.160648);(0.182659,0.091117);(0.182659,-0.091117);(-0.125932,0.160648);(0.044868,-0.199132);(0.044868,0.199132);(-0.125932,-0.160648);(0.182659,0.091117)
(-0.100665,0.177576);(-0.100665,0.177576);(-0.100665,0.177576);(-0.100665,0.177576);(-0.100665,0.177576);(-0.100665,0.177576);(0.156712,0.130797);(0.156712,0.130797);(0.156712,0.130797);(0.156712,0.130797);(0.156712,0.130797);(0.156712,0.130797);(0.156712,-0.130797);(0.156712,-0.130797);(0.156712,-0.130797);(0.156712,-0.130797);(0.156712,-0.130797);(0.156712,-0.130797);(-0.100665,-0.177576);(-0.100665,-0.177576);(-0.100665,-0.177576);(-0.100665,-0.177576);(-0.100665,-0.177576);(-0.100665,-0.177576)
(-0.063184,-0.194099);(-0.193003,-0.066458);(-0.169291,0.114049);(-0.010911,0.203832);(0.156148,0.131470);(0.198994,-0.045474);(-0.202269,0.027456);(-0.099900,0.178007);(0.081938,0.186957);(0.198596,0.047185);(0.157274,-0.130121);(-0.009157,-0.203919);(-0.009157,0.203919);(0.157274,0.130121);(0.198596,-0.047185);(0.081938,-0.186957);(-0.099900,-0.178007);(-0.202269,-0.027456);(0.198994,0.045474);(0.156148,-0.131470);(-0.010911,-0.203832);(-0.169291,-0.114049);(-0.193003,0.066458);(-0.063184,0.194099)
(0.192300,0.068465);(0.019840,-0.203158);(-0.201912,0.029967);(0.077989,0.188638);(0.164126,-0.121364);(-0.157509,-0.129836);(0.101749,-0.176957);(-0.196335,-0.055850);(-0.006623,0.204017);(0.199544,-0.042999);(-0.090058,-0.183183);(-0.155910,0.131753);(-0.155910,-0.131753);(-0.090058,0.183183);(0.199544,0.042999);(-0.006623,-0.204017);(-0.196335,0.055850);(0.101749,0.176957);(-0.157509,0.129836);(0.164126,0.121364);(0.077989,-0.188638);(-0.201912,-0.029967);(0.019840,0.203158);(0.192300,-0.068465)
(0.198994,-0.045474);(0.156148,0.131470);(-0.010911,0.203832);(-0.169291,0.114049);(-0.193003,-0.066458);(-0.063184,-0.194099);(-0.009157,-0.203919);(0.157274,-0.130121);(0.198596,0.047185);(0.081938,0.186957);(-0.099900,0.178007);(-0.202269,0.027456);(-0.202269,-0.027456);(-0.099900,-0.178007);(0.081938,-0.186957);(0.198596,-0.047185);(0.157274,0.130121);(-0.009157,0.203919);(-0.063184,0.194099);(-0.193003,0.066458);(-0.169291,-0.114049);(-0.010911,-0.203832);(0.156148,-0.131470);(0.198994,0.045474)
(-0.157509,-0.129836);(0.164126,-0.121364);(0.077989,0.188638);(-0.201912,0.029967);(0.019840,-0.203158);(0.192300,0.068465);(-0.155910,0.131753);(-0.090058,-0.183183);(0.199544,-0.042999);(-0.006623,0.204017);(-0.196335,-0.055850);(0.101749,-0.176957);(0.101749,0.176957);(-0.196335,0.055850);(-0.006623,-0.204017);(0.199544,0.042999);(-0.090058,0.183183);(-0.155910,-0.131753);(0.192300,-0.068465);(0.019840,0.203158);(-0.201912,-0.029967);(0.077989,-0.188638);(0.164126,0.121364);(-0.157509,0.129836)
(-0.124087,-0.162077);(-0.124087,-0.162077);(-0.124087,-0.162077);(-0.124087,-0.162077);(-0.124087,-0.162077);(-0.124087,-0.162077);(0.044108,0.199302);(0.044108,0.199302);(0.044108,0.199302);(0.044108,0.199302);(0.044108,0.199302);(0.044108,0.199302);(0.044108,-0.199302);(0.044108,-0.199302);(0.044108,-0.199302);(0.044108,-0.199302);(0.044108,-0.199302);(0.044108,-0.199302);(-0.124087,0.162077);(-0.124087,0.162077);(-0.124087,0.162077);(-0.124087,0.162077);(-0.124087,0.162077);(-0.124087,0.162077)
(0.204097,0.003321);(0.130070,-0.157316);(-0.041616,-0.199837);(-0.182056,-0.092316);(-0.185805,0.084518);(-0.050047,0.197894);(-0.183636,-0.089132);(-0.184305,0.087741);(-0.046594,0.198735);(0.126101,0.160515);(0.204116,0.001777);(0.128877,-0.158295);(0.128877,0.158295);(0.204116,-0.001777);(0.126101,-0.160515);(-0.046594,-0.198735);(-0.184305,-0.087741);(-0.183636,0.089132);(-0.050047,-0.197894);(-0.185805,-0.084518);(-0.182056,0.092316);(-0.041616,0.199837);(0.130070,0.157316);(0.204097,-0.003321)
(-0.050047,0.197894);(-0.185805,0.084518);(-0.182056,-0.092316);(-0.041616,-0.199837);(0.130070,-0.157316);(0.204097,0.003321);(0.128877,-0.158295);(0.204116,0.001777);(0.126101,0.160515);(-0.046594,0.198735);(-0.184305,0.087741);(-0.183636,-0.089132);(-0.183636,0.089132);(-0.184305,-0.087741);(-0.046594,-0.198735);(0.126101,-0.160515);(0.204116,-0.001777);(0.128877,0.158295);(0.204097,-0.003321);(0.130070,0.157316);(-0.041616,0.199837);(-0.182056,0.092316);(-0.185805,-0.084518);(-0.050047,-0.197894)
(-0.100666,-0.177575);(-0.100666,-0.177575);(-0.100666,-0.177575);(-0.100666,-0.177575);(-0.100666,-0.177575);(-0.100666,-0.177575);(0.156712,-0.130797);(0.156712,-0.130797);(0.156712,-0.130797);(0.156712,-0.130797);(0.156712,-0.130797);(0.156712,-0.130797);(0.156712,0.130797);(0.156712,0.130797);(0.156712,0.130797);(0.156712,0.130797);(0.156712,0.130797);(0.156712,0.130797);(-0.100666,0.177575);(-0.100666,0.177575);(-0.100666,0.177575);(-0.100666,0.177575);(-0.100666,0.177575);(-0.100666,0.177575)
(0.198995,0.045473);(0.156148,-0.131471);(-0.010912,-0.203832);(-0.169291,-0.114049);(-0.193002,0.066459);(-0.063183,0.194099);(-0.009156,0.203919);(0.157274,0.130121);(0.198596,-0.047185);(0.081938,-0.186957);(-0.099900,-0.178007);(-0.202269,-0.027456);(-0.202269,0.027456);(-0.099900,0.178007);(0.081938,0.186957);(0.198596,0.047185);(0.157274,-0.130121);(-0.009156,-0.203919);(-0.063183,-0.194099);(-0.193002,-0.066459);(-0.169291,0.114049);(-0.010912,0.203832);(0.156148,0.131471);(0.198995,-0.045473)
(-0.157509,0.129837);(0.164127,0.121363);(0.077988,-0.188639);(-0.201913,-0.029966);(0.019841,0.203158);(0.192299,-0.068466);(-0.155910,-0.131753);(-0.090058,0.183183);(0.199544,0.042998);(-0.006623,-0.204017);(-0.196335,0.055850);(0.101749,0.176957);(0.101749,-0.176957);(-0.196335,-0.055850);(-0.006623,0.204017);(0.199544,-0.042998);(-0.090058,-0.183183);(-0.155910,0.131753);(0.192299,0.068466);(0.019841,-0.203158);(-0.201913,0.029966);(0.077988,0.188639);(0.164127,-0.121363);(-0.157509,-0.129837)
(-0.063183,0.194099);(-0.193002,0.066459);(-0.169291,-0.114049);(-0.010912,-0.203832);(0.156148,-0.131471);(0.198995,0.045473);(-0.202269,-0.027456);(-0.099900,-0.178007);(0.081938,-0.186957);(0.198596,-0.047185);(0.157274,0.130121);(-0.009156,0.203919);(-0.009156,-0.203919);(0.157274,-0.130121);(0.198596,0.047185);(0.081938,0.186957);(-0.099900,0.178007);(-0.202269,0.027456);(0.198995,-0.045473);(0.156148,0.131471);(-0.010912,0.203832);(-0.169291,0.114049);(-0.193002,-0.066459);(-0.063183,-0.194099)
(0.192299,-0.068466);(0.019841,0.203158);(-0.201913,-0.029966);(0.077988,-0.188639);(0.164127,0.121363);(-0.157509,0.129837);(0.101749,0.176957);(-0.196335,0.055850);(-0.006623,-0.204017);(0.199544,0.042998);(-0.090058,0.183183);(-0.155910,-0.131753);(-0.155910,0.131753);(-0.090058,-0.183183);(0.199544,-0.042998);(-0.006623,0.204017);(-0.196335,-0.055850);(0.101749,-0.176957);(-0.157509,-0.129837);(0.164127,-0.121363);(0.077988,0.188639);(-0.201913,0.029966);(0.019841,-0.203158);(0.192299,0.068466)
(-0.124087,0.162078);(-0.124087,0.162078);(-0.124087,0.162078);(-0.124087,0.162078);(-0.124087,0.162078);(-0.124087,0.162078);(0.044108,-0.199302);(0.044108,-0.199302);(0.044108,-0.199302);(0.044108,-0.199302);(0.044108,-0.199302);(0.044108,-0.199302);(0.044108,0.199302);(0.044108,0.199302);(0.044108,0.199302);(0.044108,0.199302);(0.044108,0.199302);(0.044108,0.199302);(-0.124087,-0.162078);(-0.124087,-0.162078);(-0.124087,-0.162078);(-0.124087,-0.162078);(-0.124087,-0.162078);(-0.124087,-0.162078)
(-0.050047,-0.197894);(-0.185805,-0.084518);(-0.182056,0.092316);(-0.041616,0.199837);(0.130070,0.157316);(0.204097,-0.003321);(0.128877,0.158295);(0.204116,-0.001777);(0.126101,-0.160515);(-0.046594,-0.198735);(-0.184305,-0.087740);(-0.183636,0.089132);(-0.183636,-0.089132);(-0.184305,0.087740);(-0.046594,0.198735);(0.126101,0.160515);(0.204116,0.001777);(0.128877,-0.158295);(0.204097,0.003321);(0.130070,-0.157316);(-0.041616,-0.199837);(-0.182056,-0.092316);(-0.185805,0.084518);(-0.050047,0.197894)
(0.204097,-0.003321);(0.130070,0.157316);(-0.041616,0.199837);(-0.182056,0.092316);(-0.185805,-0.084518);(-0.050047,-0.197894);(-0.183636,0.089132);(-0.184305,-0.087740);(-0.046594,-0.198735);(0.126101,-0.160515);(0.204116,-0.001777);(0.128877,0.158295);(0.128877,-0.158295);(0.204116,0.001777);(0.126101,0.160515);(-0.046594,0.198735);(-0.184305,0.087740);(-0.183636,-0.089132);(-0.050047,0.197894);(-0.185805,0.084518);(-0.182056,-0.092316);(-0.041616,-0.199837);(0.130070,-0.157316);(0.204097,0.003321)
